2000
0
1
2
3
4
5
6
7
8
9
10
11
12
13
14
15
16
17
18
19
20
21
22
23
24
25
26
27
28
29
30
31
32
33
34
35
36
37
38
39
40
41
42
43
44
45
46
47
48
49
50
51
52
53
54
55
56
57
58
59
60
61
62
63
64
65
66
67
68
69
70
71
72
73
74
75
76
77
78
79
80
81
82
83
84
85
86
87
88
89
90
91
92
93
94
95
96
97
98
99
100
101
102
103
104
105
106
107
108
109
110
111
112
113
114
115
116
117
118
119
120
121
122
123
124
125
126
127
128
129
130
131
132
133
134
135
136
137
138
139
140
141
142
143
144
145
146
147
148
149
150
151
152
153
154
155
156
157
158
159
160
161
162
163
164
165
166
167
168
169
170
171
172
173
174
175
176
177
178
179
180
181
182
183
184
185
186
187
188
189
190
191
192
193
194
195
196
197
198
199
200
201
202
203
204
205
206
207
208
209
210
211
212
213
214
215
216
217
218
219
220
221
222
223
224
225
226
227
228
229
230
231
232
233
234
235
236
237
238
239
240
241
242
243
244
245
246
247
248
249
250
251
252
253
254
255
256
257
258
259
260
261
262
263
264
265
266
267
268
269
270
271
272
273
274
275
276
277
278
279
280
281
282
283
284
285
286
287
288
289
290
291
292
293
294
295
296
297
298
299
300
301
302
303
304
305
306
307
308
309
310
311
312
313
314
315
316
317
318
319
320
321
322
323
324
325
326
327
328
329
330
331
332
333
334
335
336
337
338
339
340
341
342
343
344
345
346
347
348
349
350
351
352
353
354
355
356
357
358
359
360
361
362
363
364
365
366
367
368
369
370
371
372
373
374
375
376
377
378
379
380
381
382
383
384
385
386
387
388
389
390
391
392
393
394
395
396
397
398
399
400
401
402
403
404
405
406
407
408
409
410
411
412
413
414
415
416
417
418
419
420
421
422
423
424
425
426
427
428
429
430
431
432
433
434
435
436
437
438
439
440
441
442
443
444
445
446
447
448
449
450
451
452
453
454
455
456
457
458
459
460
461
462
463
464
465
466
467
468
469
470
471
472
473
474
475
476
477
478
479
480
481
482
483
484
485
486
487
488
489
490
491
492
493
494
495
496
497
498
499
500
501
502
503
504
505
506
507
508
509
510
511
512
513
514
515
516
517
518
519
520
521
522
523
524
525
526
527
528
529
530
531
532
533
534
535
536
537
538
539
540
541
542
543
544
545
546
547
548
549
550
551
552
553
554
555
556
557
558
559
560
561
562
563
564
565
566
567
568
569
570
571
572
573
574
575
576
577
578
579
580
581
582
583
584
585
586
587
588
589
590
591
592
593
594
595
596
597
598
599
600
601
602
603
604
605
606
607
608
609
610
611
612
613
614
615
616
617
618
619
620
621
622
623
624
625
626
627
628
629
630
631
632
633
634
635
636
637
638
639
640
641
642
643
644
645
646
647
648
649
650
651
652
653
654
655
656
657
658
659
660
661
662
663
664
665
666
667
668
669
670
671
672
673
674
675
676
677
678
679
680
681
682
683
684
685
686
687
688
689
690
691
692
693
694
695
696
697
698
699
700
701
702
703
704
705
706
707
708
709
710
711
712
713
714
715
716
717
718
719
720
721
722
723
724
725
726
727
728
729
730
731
732
733
734
735
736
737
738
739
740
741
742
743
744
745
746
747
748
749
750
751
752
753
754
755
756
757
758
759
760
761
762
763
764
765
766
767
768
769
770
771
772
773
774
775
776
777
778
779
780
781
782
783
784
785
786
787
788
789
790
791
792
793
794
795
796
797
798
799
800
801
802
803
804
805
806
807
808
809
810
811
812
813
814
815
816
817
818
819
820
821
822
823
824
825
826
827
828
829
830
831
832
833
834
835
836
837
838
839
840
841
842
843
844
845
846
847
848
849
850
851
852
853
854
855
856
857
858
859
860
861
862
863
864
865
866
867
868
869
870
871
872
873
874
875
876
877
878
879
880
881
882
883
884
885
886
887
888
889
890
891
892
893
894
895
896
897
898
899
900
901
902
903
904
905
906
907
908
909
910
911
912
913
914
915
916
917
918
919
920
921
922
923
924
925
926
927
928
929
930
931
932
933
934
935
936
937
938
939
940
941
942
943
944
945
946
947
948
949
950
951
952
953
954
955
956
957
958
959
960
961
962
963
964
965
966
967
968
969
970
971
972
973
974
975
976
977
978
979
980
981
982
983
984
985
986
987
988
989
990
991
992
993
994
995
996
997
998
999
78887337
545449540
826632479
1798195913
846919643
536763252
2125548538
1062602876
1705506560
534009093
1259760738
97742904
2117662728
2127286816
995184287
2129448611
4230324
1279128670
536383371
1675216909
1849807246
1287171714
1949942413
1269343352
840436161
1761182554
137089065
295565976
480714721
1624004140
1725028868
559602058
21970032
404177699
210314323
868889675
940940952
188379213
1931492552
498963864
722388306
1043769642
596706769
692567387
1023572810
1591891056
674532350
1027803134
723536078
1210915721
555536395
425859676
350603787
357995160
1695203029
1191039949
2119177715
1832292094
1486605925
452408788
1308812586
1064151145
1012010846
1330782618
1468328845
1222325169
52188646
261786149
1410704382
1983681198
760750013
2133092689
879967192
1357456782
678176428
1903540003
801864191
1352708778
783859489
1525400269
416140851
1339395885
1951259946
766744639
1697391045
1498979327
1957784588
1669085112
1183787773
1296906865
2121493900
345116712
213574363
986021098
1675899330
1681903208
60862619
1728087976
1943689357
801692852
884011161
2061318785
1061414408
424586339
189981591
1988390385
619354294
1708212882
1617722983
574265552
22780611
1131065927
1335735646
1013051974
604300393
1359709999
846686257
862092685
490325673
501220342
161364156
163068393
796276543
1601977605
336307566
2128634674
155237778
418981323
138171785
521868631
1220674175
1022182946
435703768
134604935
1446769285
625685359
2122995320
2066123579
186414593
1593234656
492905483
209195204
576816935
1828641129
1222247179
1181117328
1040867480
2068933436
2043210014
1531193153
422670131
57090522
1694261547
1218946674
1659068128
2030569113
1200097700
1814305906
302066788
1338269485
188690889
1522740963
212968784
624394657
1657345898
1659738069
1250080017
1632857571
1578378001
1436494610
1078608579
2071283484
1645689815
1655425514
1752440966
720453346
689059194
645824798
641903134
584785560
29534304
1064573265
641876083
1723795851
136036292
153460563
1606881316
1336133992
1967766469
1908948105
526919830
8973710
1284205420
739888614
633368367
794067671
252143035
1883448384
279441594
1830521036
1309109764
548086303
2040917780
1314500347
1466367104
925851871
743699719
1623884969
525334208
1013019360
1083418928
1507083193
580073356
1027947959
1777159021
506166915
374606924
1077247124
874627324
1434266879
255808999
2036584621
874182957
321518138
2036179678
199997810
550524957
1460345512
1202300052
2113317711
1354956162
363926168
513920366
1248390294
1678426515
1980287470
26758517
274642587
1456688791
552092725
1287661947
392624071
2059175918
1867735303
1420572030
1688851292
226418570
1795178954
618614768
1101045894
1081962186
874423767
990146867
1956145143
1195941905
878842897
8659306
1746466862
191704761
1210959358
1712300926
1546660923
1574885527
78737644
647567569
1105828394
2059025115
674326086
1380470981
1368230258
1226418812
520649280
1760854330
1138111082
240900935
1033942712
679478726
467319505
681638019
1298093494
1568365400
1763600205
25033614
411028619
1572261700
1220975519
1289871517
1580921006
819958734
1481576278
644396717
384776012
880753554
71798596
463513656
1528321123
1177626990
375055123
55163562
410614324
1743285382
1281582374
931263604
1356656064
272209808
1172164540
243115128
951688535
1639484045
924753147
102298381
1060365797
540869704
127331995
1471394417
2113131405
1348307515
613782286
1546568763
20782601
2095358564
43481832
405558613
828628470
115280428
869072269
209465946
1292907419
1244127393
264629508
1703521743
839929127
1546211882
487301699
49101543
1818421690
1659466239
292216671
622626577
1151466637
1216969819
724924959
64348786
1757839523
852256954
1535743203
1723487280
53080821
2041841
1122572396
73863422
2097400406
1166054228
479422035
778545228
1281334657
1348494305
988011174
426758428
445138050
1252640682
2130280171
1285067177
651368916
470098222
1334168720
322306959
2129564462
1626385391
944933536
1133547451
695871562
1669858495
1197896237
306227438
374631802
586155793
2029714718
427712623
588197634
1004803466
501576046
538114392
23374047
980998081
1316659621
1304708704
182008738
157187147
1731467132
627146788
1409827830
1714263655
1912213965
2061196746
36878229
1098899037
236020057
18959043
577800781
1180953594
1152506494
1273672343
703328441
202919084
1579899781
1077960243
789074877
1462130852
1505672867
1377272511
319450670
2007248913
1915386904
342824717
840763346
1084562877
1647533421
1022772085
1241750024
1231516905
1649918873
504094206
798296912
1414649191
417807305
835175142
366064580
653827362
854134185
943865361
1834780956
2006640680
70054057
390625750
62076116
1649953838
1468585993
851150993
964601042
826775212
80939856
1284051713
686540477
1996326760
1626876430
1527303824
933405989
1126926204
402592261
27672366
210959461
2052511134
531766572
1009256374
1319676677
949573877
1844431516
1685741258
1603401240
551082053
482122971
1290698548
410239085
552177028
1681324298
472315201
54647219
1002426644
1323466194
1019248261
1829201856
1404406051
155816326
368258686
1253249163
1782692757
1895562510
39171505
762135313
150671123
66843871
973094774
55698609
598610443
1982351148
1375375287
1548184321
1679299016
913632897
1004101913
82897422
1395755868
147316813
493136507
1947932897
1828641112
965451709
2002580116
683584108
141434255
874344729
365302316
1545840306
1030161056
733561002
651605822
665370165
481639864
690777327
1427505478
632310987
757621198
253116604
688009597
1356231641
87984105
2063384884
756932314
1767283121
829534133
1761034227
1850180543
77806353
1908351041
195833403
2025739250
1589508505
1161285112
1880835718
125608965
1302719367
607696800
490911281
701076026
1637857856
1224472284
1352681848
155744373
1706112148
2043459175
1583249851
190939488
653596725
1836366455
878949085
2009828366
1924350560
794850321
619277033
1544150034
1624384454
232827612
1246846929
1702190807
2141178653
1442680332
1580446410
1583203510
456481796
1313798480
1708812475
1759201164
1921495280
52240109
312793542
1411869488
1276712393
1665475390
1567613861
835340893
1561450917
1003380064
1026280381
67563994
692262872
1905229466
2077392360
469129784
552596139
549185745
2013279818
29496945
782013358
1112643100
1731687753
775708363
407839784
1164650515
211428226
864321581
330965347
1920240701
476039097
104976980
1972480810
788832639
1516846468
1101709555
306824381
936976682
1937050449
1868275298
1940356746
815847182
1935839292
485135970
573593001
1865748004
954265755
1126189140
267450102
820061925
1155686086
1049463460
1932705025
739890191
1825171823
193061162
1904540706
2036600049
1057382743
88022405
1809357103
1533421840
192999385
1634354265
174770831
1709845854
588580173
481595212
499338888
378146974
202386862
292211986
1193994156
2138226154
777347957
1767587157
1856490510
1731613712
746292650
2123940612
404191989
1901978736
1025920424
189413367
494385279
703608600
382474529
251442337
592725001
1439857272
339464742
254598456
825795464
532464128
1888952722
1000566295
94826334
330049247
1482161507
594165222
708196221
1684548369
886377208
1902190377
1675290875
1663725165
1522293887
1384297737
1247855229
121102889
1360754702
1652047219
2023081625
239191478
1841460586
369983256
942800078
76451467
621425593
1535525080
1516308739
960890335
1790123536
194620555
1493354463
1531592610
1195186850
1588180797
1861641857
529864709
34862371
422354430
66929430
921239580
177061160
1742220305
437481097
1699355047
979034394
1685336327
1820457936
192305448
1189899898
1696055913
431496927
883876836
2066039169
1374297005
960328303
539981114
762338437
329153394
1500871449
404978326
523773949
846742265
1936570936
1718960799
287439414
1650729146
101341860
322301786
2073083576
168271290
1243541366
102661088
1910491595
1681022463
1802016135
742042341
1218875142
1474990423
934347790
261291392
1023562688
1365844717
1145168228
942118209
592658074
2105496531
1482099323
1354996512
287166277
835487125
1759974838
810940226
1682229390
1549062126
382417377
1969668804
1052307624
483759237
144486942
977907553
652030527
1388028308
1080568641
415038474
921567124
735101129
1157080816
2140442266
62607904
2091428606
254250011
1086170593
1309789675
1399418239
2028288802
1902447749
1357431123
1362904478
1109960613
1644597400
50907955
722451803
308053979
1733137345
124030282
690471356
1555322501
1176337906
1174230594
1699809444
6761811
1826261121
940354104
1087330453
93815948
1861921228
1822431582
1250896764
1854879847
1885039486
1194841722
2109129858
823726431
357147749
1361064449
704531586
112111850
571011924
2067436064
1222072464
68125677
2118344019
1944524267
376179656
1703997716
2068554549
1066651012
1111836569
1097408808
93397958
664162365
1104170619
1919659080
1604516470
44017424
2013475028
1318954050
1866449006
1116888144
1026350249
1604004845
164246218
987996459
280247628
521393967
201577261
984779214
633505817
772589185
904731630
1855578281
840714862
875592001
1652618901
1216894518
432106069
1573689802
136061883
1543942639
523614962
229459841
60621356
1627785582
1635273
1665137826
1671803006
2015110301
836608229
1390768365
984514797
1862958478
847289562
1148761015
703471290
1127537190
1670154982
905048551
2112316405
156177152
1677637736
869564387
2011755433
370868951
1745156389
1516890686
1587763469
29778810
943096841
1723825352
1573721449
1466711803
1953285194
1634342806
947013737
1954920467
1151996984
471333096
1822547121
1988605213
1862101461
659578270
1704080044
561907375
1808339286
260067686
1689444565
1331010620
1165116237
1654277322
1487187772
695270325
376358062
1351459558
1066139276
2121514451
720866596
506419098
3809613
1663963437
82760802
1577531063
983191593
2036045996
1064390221
1930205330
1843482816
68903557
254054778
1518546289
2057508771
2116156239
30640911
1614105167
530579966
1838980197
1874172853
72540884
1022507170
891805442
1726818206
362211294
1587075767
2103176268
1713670852
505731396
2077207071
287053801
1012150494
2081016685
1951017238
1094911296
1511064100
786725183
983473645
427970673
569446866
679472813
496874230
823501644
50535454
406899353
792174236
81176365
2021004520
1322754202
1920156563
1747693725
1395295086
795180085
492015519
974629645
1157391379
2079091287
930322265
723578584
437339035
860045689
1010632385
1449489529
793578726
814165975
396917177
157159178
1600891159
1380390822
585129851
22854377
2059863635
1082004081
846356021
2110399089
1488903435
1638530257
44091807
1362424307
813800812
1964248370
962634385
61612250
611944807
1454649904
1036241895
1769336186
1386257543
1966564161
345431122
1823596578
679126202
1356063507
1125602459
1472704928
22745835
1522519637